Dataset: Barnes

Standard NSGA-II:
Runtime: 23.007810592651367
Hypervolume: 1256727.3097122638
Diversity: 30.703265942546093

Advanced NSGA-II:
Runtime: 23.076833963394165
Hypervolume: 1160065.64527593
Diversity: 102.22589658984485
