Dataset: Barnes

Standard NSGA-II:
Runtime: 93.52968430519104
Hypervolume: 0.0
Diversity: 0.0

Advanced NSGA-II:
Runtime: 94.50419855117798
Hypervolume: 0.0
Diversity: 0.0
