Dataset: Barnes

Standard NSGA-II:
Runtime: 11.692850589752197
Hypervolume: 1256727.3097122638
Diversity: 30.703265942546093

Advanced NSGA-II:
Runtime: 11.487668514251709
Hypervolume: 1160065.64527593
Diversity: 102.22589658984485
