Dataset: Barnes

Standard NSGA-II:
Runtime: 5.8287034034729
Hypervolume: 7031347.5005775625
Diversity: 30.060509284523707

Advanced NSGA-II:
Runtime: 5.799001455307007
Hypervolume: 4875481.29099093
Diversity: 35.9728207079037
