Dataset: Barnes

Standard NSGA-II:
Runtime: 11.578898906707764
Hypervolume: 7031347.5005775625
Diversity: 30.060509284523707

Advanced NSGA-II:
Runtime: 11.42325210571289
Hypervolume: 4875481.29099093
Diversity: 35.9728207079037
