Dataset: Barnes

Standard NSGA-II:
Runtime: 79.76464486122131
Hypervolume: 0.0
Diversity: 0.0

Advanced NSGA-II:
Runtime: 82.60554957389832
Hypervolume: 0.0
Diversity: 0.0
