Dataset: Barnes

Standard NSGA-II:
Runtime: 16.305927515029907
Hypervolume: 1065372.53961084
Diversity: 56.707618408359764

Advanced NSGA-II:
Runtime: 16.220314264297485
Hypervolume: 947374.5706668367
Diversity: 76.46470905594332
