Dataset: Barnes

Standard NSGA-II:
Runtime: 8.209444284439087
Hypervolume: 1065372.53961084
Diversity: 56.707618408359764

Advanced NSGA-II:
Runtime: 8.082911252975464
Hypervolume: 947374.5706668367
Diversity: 76.46470905594332
