Dataset: Barnes

Standard NSGA-II:
Runtime: 16.304237365722656
Hypervolume: 1065372.53961084
Diversity: 56.707618408359764

Advanced NSGA-II:
Runtime: 16.009000778198242
Hypervolume: 947374.5706668367
Diversity: 76.46470905594332
