Dataset: Barnes

Standard NSGA-II:
Runtime: 16.491265058517456
Hypervolume: 1065372.53961084
Diversity: 56.707618408359764

Advanced NSGA-II:
Runtime: 15.9902925491333
Hypervolume: 947374.5706668367
Diversity: 76.46470905594332
