Dataset: Barnes

Standard NSGA-II:
Runtime: 86.02656292915344
Hypervolume: 0.0
Diversity: 0.0

Advanced NSGA-II:
Runtime: 85.10185623168945
Hypervolume: 0.0
Diversity: 0.0
