Dataset: Brandimarte

Standard NSGA-II:
Runtime: 16.07694959640503
Hypervolume: 302820.95381603757
Diversity: 7.121770341057715

Advanced NSGA-II:
Runtime: 15.998029947280884
Hypervolume: 318807.40544641175
Diversity: 12.655796903705193
