Dataset: Brandimarte

Standard NSGA-II:
Runtime: 16.063297986984253
Hypervolume: 302820.95381603757
Diversity: 7.121770341057715

Advanced NSGA-II:
Runtime: 15.729657173156738
Hypervolume: 318408.4013618157
Diversity: 12.680338558111314
