Dataset: Brandimarte

Standard NSGA-II:
Runtime: 15.994586706161499
Hypervolume: 302820.95381603757
Diversity: 7.121770341057715

Advanced NSGA-II:
Runtime: 15.716172695159912
Hypervolume: 319514.2365446522
Diversity: 12.788434979153992
