Dataset: Brandimarte

Standard NSGA-II:
Runtime: 7.993845701217651
Hypervolume: 302820.95381603757
Diversity: 7.121770341057715

Advanced NSGA-II:
Runtime: 7.888780117034912
Hypervolume: 320054.22816147545
Diversity: 12.678503297665776
