Dataset: Brandimarte

Standard NSGA-II:
Runtime: 16.086133241653442
Hypervolume: 302820.95381603757
Diversity: 7.121770341057715

Advanced NSGA-II:
Runtime: 15.63081431388855
Hypervolume: 319109.74369298323
Diversity: 12.815415241008377
