Dataset: Brandimarte

Standard NSGA-II:
Runtime: 70.6875205039978
Hypervolume: 338.9911746673227
Diversity: 6.045670231775757

Advanced NSGA-II:
Runtime: 66.99517631530762
Hypervolume: 4.767693990360556
Diversity: 7.099473817583085
