Dataset: Brandimarte

Standard NSGA-II:
Runtime: 24.615301370620728
Hypervolume: 4941424.9824719
Diversity: 57.28893487725636

Advanced NSGA-II:
Runtime: 24.270582914352417
Hypervolume: 5057505.339923831
Diversity: 64.84639309500125
