Dataset: Brandimarte

Standard NSGA-II:
Runtime: 24.524046659469604
Hypervolume: 4941424.9824719
Diversity: 57.28893487725636

Advanced NSGA-II:
Runtime: 24.19355821609497
Hypervolume: 5032340.864155242
Diversity: 63.0703040036382
