Dataset: Brandimarte

Standard NSGA-II:
Runtime: 24.382855892181396
Hypervolume: 4941424.9824719
Diversity: 57.28893487725636

Advanced NSGA-II:
Runtime: 24.031869173049927
Hypervolume: 5062907.678245628
Diversity: 62.881294964467386
