Dataset: Brandimarte

Standard NSGA-II:
Runtime: 24.7073392868042
Hypervolume: 4941424.9824719
Diversity: 57.28893487725636

Advanced NSGA-II:
Runtime: 24.48462963104248
Hypervolume: 5072935.995195951
Diversity: 59.679291456100074
