Dataset: Brandimarte

Standard NSGA-II:
Runtime: 78.23043322563171
Hypervolume: 3.7692004944624955
Diversity: 8.000304496784999

Advanced NSGA-II:
Runtime: 80.38793468475342
Hypervolume: 0.6282000824104159
Diversity: 6.012145709609257
