Dataset: Brandimarte

Standard NSGA-II:
Runtime: 12.467095136642456
Hypervolume: 4941424.9824719
Diversity: 57.28893487725636

Advanced NSGA-II:
Runtime: 12.400917768478394
Hypervolume: 5066441.735026564
Diversity: 62.803369219186514
