Dataset: Brandimarte

Standard NSGA-II:
Runtime: 12.618234872817993
Hypervolume: 4941424.9824719
Diversity: 57.28893487725636

Advanced NSGA-II:
Runtime: 12.27477765083313
Hypervolume: 5067423.374211872
Diversity: 62.9435634327373
