Dataset: Dauzere

Standard NSGA-II:
Runtime: 28.79909110069275
Hypervolume: 230989.09381526956
Diversity: 18.718509645495043

Advanced NSGA-II:
Runtime: 28.800767421722412
Hypervolume: 175212.59015736482
Diversity: 20.413271254286247
