Dataset: Dauzere

Standard NSGA-II:
Runtime: 14.521446943283081
Hypervolume: 230989.09381526956
Diversity: 18.718509645495043

Advanced NSGA-II:
Runtime: 14.676831245422363
Hypervolume: 175212.59015736482
Diversity: 20.413271254286247
