Dataset: Dauzere

Standard NSGA-II:
Runtime: 104.60332727432251
Hypervolume: 0.0
Diversity: 0.0

Advanced NSGA-II:
Runtime: 104.21764206886292
Hypervolume: 0.0
Diversity: 0.0
