Dataset: Dauzere

Standard NSGA-II:
Runtime: 28.688305616378784
Hypervolume: 230989.09381526956
Diversity: 18.718509645495043

Advanced NSGA-II:
Runtime: 28.611640453338623
Hypervolume: 175212.59015736482
Diversity: 20.413271254286247
