Dataset: Dauzere

Standard NSGA-II:
Runtime: 90.06899118423462
Hypervolume: 0.0
Diversity: 0.0

Advanced NSGA-II:
Runtime: 89.92341804504395
Hypervolume: 0.0
Diversity: 0.0
