Dataset: Dauzere

Standard NSGA-II:
Runtime: 10.03130292892456
Hypervolume: 2088060.6840626313
Diversity: 54.26096734701535

Advanced NSGA-II:
Runtime: 10.3635094165802
Hypervolume: 1781601.5667427585
Diversity: 55.26246318138574
