Dataset: Dauzere

Standard NSGA-II:
Runtime: 20.038621187210083
Hypervolume: 2088060.6840626313
Diversity: 54.26096734701535

Advanced NSGA-II:
Runtime: 19.957314014434814
Hypervolume: 1776582.0784997311
Diversity: 51.67874413225454
