Dataset: Barnes

Standard NSGA-II:
Runtime: 11.718984842300415
Hypervolume: 413556.7522786121
Diversity: 19.44592685424974

Advanced NSGA-II:
Runtime: 11.201418161392212
Hypervolume: 450173.66171413625
Diversity: 23.429054294174804
