Dataset: Barnes

Standard NSGA-II:
Runtime: 70.38962960243225
Hypervolume: 0.0
Diversity: 36.2623028504894

Advanced NSGA-II:
Runtime: 70.61439371109009
Hypervolume: 0.0
Diversity: 41.55055534951911
