Dataset: Barnes

Standard NSGA-II:
Runtime: 5.808963775634766
Hypervolume: 413556.7522786121
Diversity: 19.44592685424974

Advanced NSGA-II:
Runtime: 5.79405951499939
Hypervolume: 469611.77916656923
Diversity: 23.429054294174797
