Dataset: Barnes

Standard NSGA-II:
Runtime: 11.581831455230713
Hypervolume: 413556.7522786121
Diversity: 19.44592685424974

Advanced NSGA-II:
Runtime: 11.41008448600769
Hypervolume: 450173.66171413625
Diversity: 23.429054294174804
