Dataset: Dauzere

Standard NSGA-II:
Runtime: 28.303146839141846
Hypervolume: 30233849.95521351
Diversity: 168.4015493770816

Advanced NSGA-II:
Runtime: 28.32129192352295
Hypervolume: 26336486.943009127
Diversity: 149.18076177187004
