Dataset: Dauzere

Standard NSGA-II:
Runtime: 28.69894504547119
Hypervolume: 30233849.95521351
Diversity: 168.4015493770816

Advanced NSGA-II:
Runtime: 28.402172088623047
Hypervolume: 26346522.63677689
Diversity: 149.12329132161636
