Dataset: Dauzere

Standard NSGA-II:
Runtime: 14.58549952507019
Hypervolume: 30233849.95521351
Diversity: 168.4015493770816

Advanced NSGA-II:
Runtime: 14.31577205657959
Hypervolume: 26385307.301083628
Diversity: 151.4256313727759
