Dataset: Dauzere

Standard NSGA-II:
Runtime: 82.20376682281494
Hypervolume: 62.80405692775446
Diversity: 0.0

Advanced NSGA-II:
Runtime: 80.30208492279053
Hypervolume: 0.0
Diversity: 31.044442006092194
