Dataset: Dauzere

Standard NSGA-II:
Runtime: 14.308800458908081
Hypervolume: 30233849.95521351
Diversity: 168.4015493770816

Advanced NSGA-II:
Runtime: 14.493072986602783
Hypervolume: 26334051.97624051
Diversity: 149.21562175739993
