Dataset: Dauzere

Standard NSGA-II:
Runtime: 28.39230966567993
Hypervolume: 30233849.95521351
Diversity: 168.4015493770816

Advanced NSGA-II:
Runtime: 28.379963636398315
Hypervolume: 26329413.43710992
Diversity: 149.10694402877186
