Dataset: Dauzere

Standard NSGA-II:
Runtime: 28.467015504837036
Hypervolume: 30233849.95521351
Diversity: 168.4015493770816

Advanced NSGA-II:
Runtime: 28.24635124206543
Hypervolume: 26368298.670782212
Diversity: 151.60458457628027
