Dataset: Brandimarte

Standard NSGA-II:
Runtime: 11.171050310134888
Hypervolume: 221568.49245365235
Diversity: 37.759989878672506

Advanced NSGA-II:
Runtime: 10.902192831039429
Hypervolume: 182849.17101471967
Diversity: 32.91117833705096
