Dataset: Brandimarte

Standard NSGA-II:
Runtime: 5.598236322402954
Hypervolume: 227597.2323353724
Diversity: 37.759989878672506

Advanced NSGA-II:
Runtime: 5.523908615112305
Hypervolume: 188985.9118266322
Diversity: 35.81342420494689
