Dataset: Brandimarte

Standard NSGA-II:
Runtime: 11.176438093185425
Hypervolume: 221568.49245365235
Diversity: 37.759989878672506

Advanced NSGA-II:
Runtime: 10.913271188735962
Hypervolume: 183153.5410692902
Diversity: 34.329408698154744
