Dataset: Brandimarte

Standard NSGA-II:
Runtime: 11.176049709320068
Hypervolume: 221568.49245365235
Diversity: 37.759989878672506

Advanced NSGA-II:
Runtime: 10.845369338989258
Hypervolume: 182426.9105357421
Diversity: 33.481507975861874
