Dataset: Brandimarte

Standard NSGA-II:
Runtime: 11.029630184173584
Hypervolume: 221568.49245365235
Diversity: 37.759989878672506

Advanced NSGA-II:
Runtime: 10.800384283065796
Hypervolume: 183010.00446123144
Diversity: 35.30820883004513
