Dataset: Brandimarte

Standard NSGA-II:
Runtime: 5.693662405014038
Hypervolume: 221568.49245365235
Diversity: 37.759989878672506

Advanced NSGA-II:
Runtime: 5.497591972351074
Hypervolume: 183430.7879263167
Diversity: 34.34212511809391
