Dataset: Brandimarte

Standard NSGA-II:
Runtime: 60.91274833679199
Hypervolume: 1.8353363232303028
Diversity: 2.3910276573528133

Advanced NSGA-II:
Runtime: 66.68306040763855
Hypervolume: 70.19070861795157
Diversity: 1.9610945594178308
