Dataset: Barnes

Standard NSGA-II:
Runtime: 87.8007652759552
Hypervolume: 0.0
Diversity: 0.0

Advanced NSGA-II:
Runtime: 88.52566361427307
Hypervolume: 0.0
Diversity: 0.0
