Dataset: Barnes

Standard NSGA-II:
Runtime: 8.285567283630371
Hypervolume: 34782950.40864074
Diversity: 206.88224637254257

Advanced NSGA-II:
Runtime: 8.08168888092041
Hypervolume: 29101661.22150086
Diversity: 233.166756359873
