Dataset: Barnes

Standard NSGA-II:
Runtime: 16.401893138885498
Hypervolume: 34782950.40864074
Diversity: 206.88224637254257

Advanced NSGA-II:
Runtime: 16.285555124282837
Hypervolume: 29186293.735313565
Diversity: 227.59566286327998
