Dataset: Barnes

Standard NSGA-II:
Runtime: 16.216988563537598
Hypervolume: 34782950.40864074
Diversity: 206.88224637254257

Advanced NSGA-II:
Runtime: 16.01135277748108
Hypervolume: 29221222.33866051
Diversity: 232.22122976471343
