Dataset: Dauzere

Standard NSGA-II:
Runtime: 37.192094802856445
Hypervolume: 20437194.17433842
Diversity: 104.88292618703488

Advanced NSGA-II:
Runtime: 37.18523406982422
Hypervolume: 18568289.710277908
Diversity: 140.82867544405994
