Dataset: Dauzere

Standard NSGA-II:
Runtime: 91.06751298904419
Hypervolume: 0.0
Diversity: 0

Advanced NSGA-II:
Runtime: 90.60916900634766
Hypervolume: 13581.373497198252
Diversity: 0.0
