Dataset: Dauzere

Standard NSGA-II:
Runtime: 37.17595720291138
Hypervolume: 20437194.17433842
Diversity: 104.88292618703488

Advanced NSGA-II:
Runtime: 37.1317675113678
Hypervolume: 18501210.39151036
Diversity: 139.79585240861982
