Dataset: Dauzere

Standard NSGA-II:
Runtime: 18.726865530014038
Hypervolume: 20437194.17433842
Diversity: 104.88292618703488

Advanced NSGA-II:
Runtime: 18.88378405570984
Hypervolume: 18586372.037265174
Diversity: 140.8031368121763
