Dataset: Dauzere

Standard NSGA-II:
Runtime: 37.33611536026001
Hypervolume: 20437194.17433842
Diversity: 104.88292618703488

Advanced NSGA-II:
Runtime: 37.48990082740784
Hypervolume: 18573841.516440723
Diversity: 136.0626493703684
