Dataset: Dauzere

Standard NSGA-II:
Runtime: 37.13843488693237
Hypervolume: 20437194.17433842
Diversity: 104.88292618703488

Advanced NSGA-II:
Runtime: 37.3661892414093
Hypervolume: 18571185.71168819
Diversity: 136.07493365838755
