Dataset: Dauzere

Standard NSGA-II:
Runtime: 37.56771969795227
Hypervolume: 34331366.92288782
Diversity: 170.05578877127593

Advanced NSGA-II:
Runtime: 37.112422943115234
Hypervolume: 25260310.280927554
Diversity: 146.3924461378649
