Dataset: Dauzere

Standard NSGA-II:
Runtime: 89.98600602149963
Hypervolume: 0.0
Diversity: 0.0

Advanced NSGA-II:
Runtime: 86.50000429153442
Hypervolume: 240378.2435192389
Diversity: 115.38278337702803
