Dataset: Dauzere

Standard NSGA-II:
Runtime: 37.08015203475952
Hypervolume: 34331366.92288782
Diversity: 170.05578877127593

Advanced NSGA-II:
Runtime: 36.928614139556885
Hypervolume: 25211203.632078998
Diversity: 146.89207310096847
