Dataset: Dauzere

Standard NSGA-II:
Runtime: 18.887500286102295
Hypervolume: 34331366.92288782
Diversity: 170.05578877127593

Advanced NSGA-II:
Runtime: 18.880686283111572
Hypervolume: 25140875.893327583
Diversity: 148.54880873039684
