Dataset: Dauzere

Standard NSGA-II:
Runtime: 37.197434425354004
Hypervolume: 34331366.92288782
Diversity: 170.05578877127593

Advanced NSGA-II:
Runtime: 37.1923143863678
Hypervolume: 25256269.243957624
Diversity: 146.37806631830065
