Dataset: Dauzere

Standard NSGA-II:
Runtime: 37.13664793968201
Hypervolume: 34331366.92288782
Diversity: 170.05578877127593

Advanced NSGA-II:
Runtime: 36.98559832572937
Hypervolume: 25254970.854984295
Diversity: 146.3851975925676
