Dataset: Barnes

Standard NSGA-II:
Runtime: 8.393518924713135
Hypervolume: 0.0
Diversity: 21.211910028991905

Advanced NSGA-II:
Runtime: 8.388132572174072
Hypervolume: 0.0
Diversity: 36.21775560263546
