Dataset: Barnes

Standard NSGA-II:
Runtime: 88.09734010696411
Hypervolume: 0.0
Diversity: 0.0

Advanced NSGA-II:
Runtime: 86.68532657623291
Hypervolume: 0.0
Diversity: 0.0
