Dataset: Barnes

Standard NSGA-II:
Runtime: 16.602762699127197
Hypervolume: 0.0
Diversity: 21.211910028991905

Advanced NSGA-II:
Runtime: 16.52780318260193
Hypervolume: 0.0
Diversity: 36.21775560263546
