Dataset: Barnes

Standard NSGA-II:
Runtime: 16.740721702575684
Hypervolume: 0.0
Diversity: 21.211910028991905

Advanced NSGA-II:
Runtime: 16.688886404037476
Hypervolume: 0.0
Diversity: 36.21775560263546
