Dataset: Barnes

Standard NSGA-II:
Runtime: 93.59009575843811
Hypervolume: 0.0
Diversity: 0.0

Advanced NSGA-II:
Runtime: 91.9034276008606
Hypervolume: 0.0
Diversity: 0.0
