Dataset: Barnes

Standard NSGA-II:
Runtime: 11.579842805862427
Hypervolume: 0.0
Diversity: 35.53648020524226

Advanced NSGA-II:
Runtime: 11.415897130966187
Hypervolume: 0.0
Diversity: 56.78866385781069
