Dataset: Barnes

Standard NSGA-II:
Runtime: 22.724554300308228
Hypervolume: 0.0
Diversity: 35.53648020524226

Advanced NSGA-II:
Runtime: 22.688294649124146
Hypervolume: 0.0
Diversity: 56.78866385781069
