Dataset: Brandimarte

Standard NSGA-II:
Runtime: 12.291808366775513
Hypervolume: 759893.6186152854
Diversity: 22.70455569020668

Advanced NSGA-II:
Runtime: 12.030348300933838
Hypervolume: 685618.5051608249
Diversity: 25.650083286565568
