Dataset: Brandimarte

Standard NSGA-II:
Runtime: 12.189473628997803
Hypervolume: 759893.6186152854
Diversity: 22.70455569020668

Advanced NSGA-II:
Runtime: 12.117856979370117
Hypervolume: 685779.8001679676
Diversity: 25.434435755886227
