Dataset: Brandimarte

Standard NSGA-II:
Runtime: 12.208762884140015
Hypervolume: 759893.6186152854
Diversity: 22.70455569020668

Advanced NSGA-II:
Runtime: 12.07844614982605
Hypervolume: 686074.4930567537
Diversity: 25.354422605196035
