Dataset: Brandimarte

Standard NSGA-II:
Runtime: 12.212159156799316
Hypervolume: 759893.6186152854
Diversity: 22.70455569020668

Advanced NSGA-II:
Runtime: 12.205860614776611
Hypervolume: 685734.3384241018
Diversity: 25.529084605310516
