Dataset: Brandimarte

Standard NSGA-II:
Runtime: 63.4062385559082
Hypervolume: 70.18437315800719
Diversity: 92.67334551750542

Advanced NSGA-II:
Runtime: 63.4981849193573
Hypervolume: 158.21572797184388
Diversity: 83.01157878224397
