Dataset: Brandimarte

Standard NSGA-II:
Runtime: 6.124210596084595
Hypervolume: 759893.6186152854
Diversity: 22.70455569020668

Advanced NSGA-II:
Runtime: 6.192719221115112
Hypervolume: 686206.4517858011
Diversity: 25.721646349299473
