Dataset: Barnes

Standard NSGA-II:
Runtime: 16.70122003555298
Hypervolume: 13173387.862373224
Diversity: 107.62561902423622

Advanced NSGA-II:
Runtime: 16.107622146606445
Hypervolume: 9882883.45610866
Diversity: 153.88229587785733
