Dataset: Barnes

Standard NSGA-II:
Runtime: 16.228700160980225
Hypervolume: 13173387.862373224
Diversity: 107.62561902423622

Advanced NSGA-II:
Runtime: 16.07456660270691
Hypervolume: 10006207.593522523
Diversity: 137.6290133269645
