Dataset: Barnes

Standard NSGA-II:
Runtime: 86.43257904052734
Hypervolume: 0.0
Diversity: 0.0

Advanced NSGA-II:
Runtime: 87.78198480606079
Hypervolume: 0.0
Diversity: 0.0
