Dataset: Barnes

Standard NSGA-II:
Runtime: 16.294623613357544
Hypervolume: 13173387.862373224
Diversity: 107.62561902423622

Advanced NSGA-II:
Runtime: 16.229182720184326
Hypervolume: 10155808.967163485
Diversity: 137.6290133269645
