Dataset: Barnes

Standard NSGA-II:
Runtime: 16.413336753845215
Hypervolume: 13173387.862373224
Diversity: 107.62561902423622

Advanced NSGA-II:
Runtime: 16.28057622909546
Hypervolume: 10006207.593522523
Diversity: 137.6290133269645
