Dataset: Barnes

Standard NSGA-II:
Runtime: 8.275098323822021
Hypervolume: 13173387.862373224
Diversity: 107.62561902423622

Advanced NSGA-II:
Runtime: 8.040923595428467
Hypervolume: 10006207.593522523
Diversity: 137.6290133269645
