Dataset: Dauzere

Standard NSGA-II:
Runtime: 28.80670666694641
Hypervolume: 226194839.54047891
Diversity: 170.0272155285516

Advanced NSGA-II:
Runtime: 28.30909562110901
Hypervolume: 192791485.58249062
Diversity: 209.52950940559384
