Dataset: Dauzere

Standard NSGA-II:
Runtime: 90.31589722633362
Hypervolume: 0.0
Diversity: 0.0

Advanced NSGA-II:
Runtime: 87.29806518554688
Hypervolume: 9538.043147003096
Diversity: 0.0
