Dataset: Dauzere

Standard NSGA-II:
Runtime: 28.676819562911987
Hypervolume: 226194839.54047891
Diversity: 170.0272155285516

Advanced NSGA-II:
Runtime: 28.32823610305786
Hypervolume: 193139924.34375215
Diversity: 210.5649122525396
