Dataset: Dauzere

Standard NSGA-II:
Runtime: 28.583643198013306
Hypervolume: 226194839.54047891
Diversity: 170.0272155285516

Advanced NSGA-II:
Runtime: 28.616273641586304
Hypervolume: 192913199.07612917
Diversity: 209.5213382483292
