Dataset: Dauzere

Standard NSGA-II:
Runtime: 14.40539002418518
Hypervolume: 226194839.54047891
Diversity: 170.0272155285516

Advanced NSGA-II:
Runtime: 14.719406843185425
Hypervolume: 192791485.58249062
Diversity: 209.52950940559384
