Dataset: Dauzere

Standard NSGA-II:
Runtime: 28.586562871932983
Hypervolume: 226194839.54047891
Diversity: 170.0272155285516

Advanced NSGA-II:
Runtime: 28.58284091949463
Hypervolume: 192791485.58249062
Diversity: 209.52950940559384
