Dataset: Dauzere

Standard NSGA-II:
Runtime: 111.5787079334259
Hypervolume: 0.0
Diversity: 0.0

Advanced NSGA-II:
Runtime: 112.7058494091034
Hypervolume: 0.0
Diversity: 0.0
