Dataset: Dauzere

Standard NSGA-II:
Runtime: 37.17738485336304
Hypervolume: 19413766.516482636
Diversity: 196.2849193862569

Advanced NSGA-II:
Runtime: 37.01429033279419
Hypervolume: 19902729.668432448
Diversity: 168.20903035953134
