Dataset: Barnes

Standard NSGA-II:
Runtime: 8.079691648483276
Hypervolume: 11415938.434452906
Diversity: 113.98521222070868

Advanced NSGA-II:
Runtime: 8.10845685005188
Hypervolume: 10672783.685720583
Diversity: 122.2163127356956
