Dataset: Barnes

Standard NSGA-II:
Runtime: 16.190568923950195
Hypervolume: 11415938.434452906
Diversity: 113.98521222070868

Advanced NSGA-II:
Runtime: 16.092557191848755
Hypervolume: 10378987.968855139
Diversity: 122.21631273569562
