Dataset: Barnes

Standard NSGA-II:
Runtime: 16.202255964279175
Hypervolume: 11415938.434452906
Diversity: 113.98521222070868

Advanced NSGA-II:
Runtime: 16.007232666015625
Hypervolume: 10672783.685720583
Diversity: 122.2163127356956
