Dataset: Barnes

Standard NSGA-II:
Runtime: 8.328129053115845
Hypervolume: 11415938.434452906
Diversity: 113.98521222070868

Advanced NSGA-II:
Runtime: 8.081345081329346
Hypervolume: 10672783.685720583
Diversity: 122.2163127356956
