Dataset: Barnes

Standard NSGA-II:
Runtime: 16.198139190673828
Hypervolume: 11415938.434452906
Diversity: 113.98521222070868

Advanced NSGA-II:
Runtime: 16.011857748031616
Hypervolume: 10672783.685720583
Diversity: 122.2163127356956
