Dataset: Barnes

Standard NSGA-II:
Runtime: 16.111223936080933
Hypervolume: 11415938.434452906
Diversity: 113.98521222070868

Advanced NSGA-II:
Runtime: 15.884450674057007
Hypervolume: 10598270.279269202
Diversity: 122.21631273569562
