Dataset: Barnes

Standard NSGA-II:
Runtime: 86.16967844963074
Hypervolume: 0.0
Diversity: 0.0

Advanced NSGA-II:
Runtime: 85.34231781959534
Hypervolume: 0.0
Diversity: 0.0
