Dataset: Barnes

Standard NSGA-II:
Runtime: 16.30979561805725
Hypervolume: 10311677.353541806
Diversity: 126.34707721711058

Advanced NSGA-II:
Runtime: 16.103524684906006
Hypervolume: 10659574.135043325
Diversity: 166.0588723529242
