Dataset: Barnes

Standard NSGA-II:
Runtime: 16.580627918243408
Hypervolume: 10311677.353541806
Diversity: 126.34707721711058

Advanced NSGA-II:
Runtime: 16.20930242538452
Hypervolume: 10659574.135043325
Diversity: 166.0588723529242
