Dataset: Barnes

Standard NSGA-II:
Runtime: 8.215943574905396
Hypervolume: 10311677.353541806
Diversity: 126.34707721711058

Advanced NSGA-II:
Runtime: 8.158636093139648
Hypervolume: 10659574.135043325
Diversity: 166.0588723529242
