Dataset: Barnes

Standard NSGA-II:
Runtime: 16.11950182914734
Hypervolume: 10311677.353541806
Diversity: 126.34707721711058

Advanced NSGA-II:
Runtime: 16.10177254676819
Hypervolume: 10613230.808400022
Diversity: 167.99155056908566
