Dataset: Barnes

Standard NSGA-II:
Runtime: 8.197662591934204
Hypervolume: 10311677.353541806
Diversity: 126.34707721711058

Advanced NSGA-II:
Runtime: 8.125022411346436
Hypervolume: 10656411.746011337
Diversity: 166.0588723529242
