Dataset: Barnes

Standard NSGA-II:
Runtime: 74.70863151550293
Hypervolume: 0.0
Diversity: 35.66650260088567

Advanced NSGA-II:
Runtime: 75.68282675743103
Hypervolume: 0.0
Diversity: 39.30594164179237
