Dataset: Barnes

Standard NSGA-II:
Runtime: 22.59249258041382
Hypervolume: 1256727.3097122638
Diversity: 30.703265942546093

Advanced NSGA-II:
Runtime: 22.67658042907715
Hypervolume: 1160065.64527593
Diversity: 102.22589658984482
