Dataset: Barnes

Standard NSGA-II:
Runtime: 22.704437017440796
Hypervolume: 1256727.3097122638
Diversity: 30.703265942546093

Advanced NSGA-II:
Runtime: 22.620434999465942
Hypervolume: 1160065.64527593
Diversity: 102.22589658984482
