Dataset: Barnes

Standard NSGA-II:
Runtime: 98.09130573272705
Hypervolume: 0.0
Diversity: 0.0

Advanced NSGA-II:
Runtime: 97.73081040382385
Hypervolume: 0.0
Diversity: 0.0
