Dataset: Brandimarte

Standard NSGA-II:
Runtime: 83.80935645103455
Hypervolume: 1989.8143755552578
Diversity: 1.361416595991151

Advanced NSGA-II:
Runtime: 84.10123562812805
Hypervolume: 0.0
Diversity: 1.2253826195922772
