Dataset: Brandimarte

Standard NSGA-II:
Runtime: 22.996379852294922
Hypervolume: 545657.5245400915
Diversity: 7.887264147313604

Advanced NSGA-II:
Runtime: 22.92315125465393
Hypervolume: 699726.2354218668
Diversity: 10.141711278098649
