Dataset: Brandimarte

Standard NSGA-II:
Runtime: 23.115633487701416
Hypervolume: 545657.5245400915
Diversity: 7.887264147313604

Advanced NSGA-II:
Runtime: 22.97443985939026
Hypervolume: 699726.2354218668
Diversity: 10.141711278098649
