Dataset: Brandimarte

Standard NSGA-II:
Runtime: 23.208528757095337
Hypervolume: 545657.5245400915
Diversity: 7.887264147313604

Advanced NSGA-II:
Runtime: 23.07808780670166
Hypervolume: 699726.2354218668
Diversity: 10.141711278098649
