Dataset: Brandimarte

Standard NSGA-II:
Runtime: 8.198992013931274
Hypervolume: 1553384.066480153
Diversity: 34.436192107106564

Advanced NSGA-II:
Runtime: 8.00939416885376
Hypervolume: 1633430.9897893192
Diversity: 39.78481931690591
