Dataset: Brandimarte

Standard NSGA-II:
Runtime: 67.63178372383118
Hypervolume: 25.380291110593042
Diversity: 8.523829984170762

Advanced NSGA-II:
Runtime: 71.86412835121155
Hypervolume: 930.5485936492188
Diversity: 4.1689625230281395
