Dataset: Brandimarte

Standard NSGA-II:
Runtime: 16.212586641311646
Hypervolume: 1553384.066480153
Diversity: 34.436192107106564

Advanced NSGA-II:
Runtime: 15.977010726928711
Hypervolume: 1633278.4788440953
Diversity: 39.78387583122482
