Dataset: Brandimarte

Standard NSGA-II:
Runtime: 16.30787467956543
Hypervolume: 1553384.066480153
Diversity: 34.436192107106564

Advanced NSGA-II:
Runtime: 16.014039754867554
Hypervolume: 1631448.3475014078
Diversity: 39.78164064716511
