Dataset: Brandimarte

Standard NSGA-II:
Runtime: 16.192222833633423
Hypervolume: 1553384.066480153
Diversity: 34.436192107106564

Advanced NSGA-II:
Runtime: 15.893973112106323
Hypervolume: 1631448.3475014078
Diversity: 39.78164064716511
