Dataset: Brandimarte

Standard NSGA-II:
Runtime: 8.212000131607056
Hypervolume: 1553384.066480153
Diversity: 34.436192107106564

Advanced NSGA-II:
Runtime: 8.089433431625366
Hypervolume: 1635871.1649129023
Diversity: 39.82829213004835
