Dataset: Brandimarte

Standard NSGA-II:
Runtime: 16.48387122154236
Hypervolume: 1553384.066480153
Diversity: 34.436192107106564

Advanced NSGA-II:
Runtime: 16.016480922698975
Hypervolume: 1634346.0554606628
Diversity: 39.79381649680013
