Dataset: Barnes

Standard NSGA-II:
Runtime: 11.823758125305176
Hypervolume: 7344911.199548612
Diversity: 104.5853180124982

Advanced NSGA-II:
Runtime: 11.588268280029297
Hypervolume: 5992257.574638914
Diversity: 108.24008845508624
