Dataset: Barnes

Standard NSGA-II:
Runtime: 11.670742273330688
Hypervolume: 7344911.199548612
Diversity: 104.5853180124982

Advanced NSGA-II:
Runtime: 11.304665803909302
Hypervolume: 5995447.5139547065
Diversity: 108.24008845508624
