Dataset: Barnes

Standard NSGA-II:
Runtime: 68.58819055557251
Hypervolume: 0.0
Diversity: 26.922020111249818

Advanced NSGA-II:
Runtime: 66.62286734580994
Hypervolume: 0.0
Diversity: 25.12721877049983
