Dataset: Barnes

Standard NSGA-II:
Runtime: 5.989011287689209
Hypervolume: 7344911.199548612
Diversity: 104.5853180124982

Advanced NSGA-II:
Runtime: 5.696642160415649
Hypervolume: 6319219.081816658
Diversity: 108.24008845508624
