Dataset: Barnes

Standard NSGA-II:
Runtime: 11.683983087539673
Hypervolume: 7344911.199548612
Diversity: 104.5853180124982

Advanced NSGA-II:
Runtime: 11.478620767593384
Hypervolume: 5996321.526985714
Diversity: 109.31724985922621
