Dataset: Barnes

Standard NSGA-II:
Runtime: 11.707895517349243
Hypervolume: 7344911.199548612
Diversity: 104.5853180124982

Advanced NSGA-II:
Runtime: 11.410175323486328
Hypervolume: 5992257.574638914
Diversity: 108.24008845508624
