Dataset: Dauzere

Standard NSGA-II:
Runtime: 84.40347862243652
Hypervolume: 1919.344533160472
Diversity: 14.820710075317749

Advanced NSGA-II:
Runtime: 85.66345930099487
Hypervolume: 113.76589546445757
Diversity: 2.467807260361364
