Dataset: Dauzere

Standard NSGA-II:
Runtime: 28.500519037246704
Hypervolume: 19758837.563031718
Diversity: 151.12121861722204

Advanced NSGA-II:
Runtime: 28.281447172164917
Hypervolume: 17193734.378452495
Diversity: 133.53990464106025
