Dataset: Dauzere

Standard NSGA-II:
Runtime: 14.477830648422241
Hypervolume: 19758837.563031718
Diversity: 151.12121861722204

Advanced NSGA-II:
Runtime: 14.236125230789185
Hypervolume: 17190981.26201245
Diversity: 133.51356056744177
