Dataset: Dauzere

Standard NSGA-II:
Runtime: 28.701473712921143
Hypervolume: 19758837.563031718
Diversity: 151.12121861722204

Advanced NSGA-II:
Runtime: 28.426945209503174
Hypervolume: 17129121.099240728
Diversity: 130.6315291232074
