Dataset: Dauzere

Standard NSGA-II:
Runtime: 28.510298252105713
Hypervolume: 19758837.563031718
Diversity: 151.12121861722204

Advanced NSGA-II:
Runtime: 28.302133798599243
Hypervolume: 17243850.00210456
Diversity: 144.79506927795526
