Dataset: Dauzere

Standard NSGA-II:
Runtime: 28.6088969707489
Hypervolume: 19758837.563031718
Diversity: 151.12121861722204

Advanced NSGA-II:
Runtime: 28.292169094085693
Hypervolume: 17192320.100554984
Diversity: 133.59939216461845
