Dataset: Barnes

Standard NSGA-II:
Runtime: 11.57570195198059
Hypervolume: 5806256.129856567
Diversity: 42.44912765913727

Advanced NSGA-II:
Runtime: 11.319902420043945
Hypervolume: 4819951.228049004
Diversity: 60.283462289349984
