Dataset: Barnes

Standard NSGA-II:
Runtime: 69.89483952522278
Hypervolume: 0.0
Diversity: 20.089171318193415

Advanced NSGA-II:
Runtime: 69.59230375289917
Hypervolume: 0.0
Diversity: 20.632121894360797
