Dataset: Barnes

Standard NSGA-II:
Runtime: 23.983245134353638
Hypervolume: 951859.6677561371
Diversity: 15.180894594247865

Advanced NSGA-II:
Runtime: 23.878990411758423
Hypervolume: 883869.6914878415
Diversity: 44.46494008328696
