Dataset: Barnes

Standard NSGA-II:
Runtime: 23.8044273853302
Hypervolume: 951859.6677561371
Diversity: 15.180894594247865

Advanced NSGA-II:
Runtime: 23.778185844421387
Hypervolume: 883869.6914878415
Diversity: 44.46494008328696
