Dataset: Barnes

Standard NSGA-II:
Runtime: 97.62340307235718
Hypervolume: 0.0
Diversity: 0.0

Advanced NSGA-II:
Runtime: 95.59220814704895
Hypervolume: 0.0
Diversity: 0.0
