Dataset: Barnes

Standard NSGA-II:
Runtime: 12.017633199691772
Hypervolume: 951859.6677561371
Diversity: 15.180894594247865

Advanced NSGA-II:
Runtime: 11.870933294296265
Hypervolume: 883869.6914878415
Diversity: 44.46494008328696
