Dataset: Dauzere

Standard NSGA-II:
Runtime: 28.89294457435608
Hypervolume: 252848.55002617138
Diversity: 18.272776733343058

Advanced NSGA-II:
Runtime: 28.8801589012146
Hypervolume: 212074.07692876845
Diversity: 22.04733993111325
