Dataset: Dauzere

Standard NSGA-II:
Runtime: 28.8092098236084
Hypervolume: 252848.55002617138
Diversity: 18.272776733343058

Advanced NSGA-II:
Runtime: 29.17495608329773
Hypervolume: 212110.7402194405
Diversity: 22.01216648763965
