Dataset: Dauzere

Standard NSGA-II:
Runtime: 14.507263422012329
Hypervolume: 252848.55002617138
Diversity: 18.272776733343058

Advanced NSGA-II:
Runtime: 14.602012395858765
Hypervolume: 212110.7402194405
Diversity: 22.01216648763965
