Dataset: Dauzere

Standard NSGA-II:
Runtime: 101.70062494277954
Hypervolume: 0.0
Diversity: 0.0

Advanced NSGA-II:
Runtime: 102.18662238121033
Hypervolume: 0.0
Diversity: 0.0
