Dataset: Dauzere

Standard NSGA-II:
Runtime: 20.670467376708984
Hypervolume: 8718942.277177384
Diversity: 91.9551068771825

Advanced NSGA-II:
Runtime: 20.116307735443115
Hypervolume: 6951118.652288461
Diversity: 109.9067366892537
