Dataset: Dauzere

Standard NSGA-II:
Runtime: 19.962960720062256
Hypervolume: 8718942.277177384
Diversity: 91.9551068771825

Advanced NSGA-II:
Runtime: 19.81984519958496
Hypervolume: 6991084.9293101495
Diversity: 113.08832409041388
