Dataset: Dauzere

Standard NSGA-II:
Runtime: 77.6131739616394
Hypervolume: 286399.91432350094
Diversity: 0.0

Advanced NSGA-II:
Runtime: 79.17581796646118
Hypervolume: 0.0
Diversity: 17.05668255820833
