Dataset: Dauzere

Standard NSGA-II:
Runtime: 19.99488592147827
Hypervolume: 8718942.277177384
Diversity: 91.9551068771825

Advanced NSGA-II:
Runtime: 19.794615030288696
Hypervolume: 6950515.895643423
Diversity: 102.97807161469426
