Dataset: Dauzere

Standard NSGA-II:
Runtime: 9.992836236953735
Hypervolume: 8718942.277177384
Diversity: 91.9551068771825

Advanced NSGA-II:
Runtime: 9.905626058578491
Hypervolume: 6993223.066052361
Diversity: 106.26225589617121
