Dataset: Dauzere

Standard NSGA-II:
Runtime: 19.9336040019989
Hypervolume: 8718942.277177384
Diversity: 91.9551068771825

Advanced NSGA-II:
Runtime: 19.758930683135986
Hypervolume: 6992875.00988325
Diversity: 106.03177914035973
