Dataset: Barnes

Standard NSGA-II:
Runtime: 23.6164870262146
Hypervolume: 0.0
Diversity: 10.545105376149953

Advanced NSGA-II:
Runtime: 23.509100914001465
Hypervolume: 0.0
Diversity: 44.29171793443053
