Dataset: Barnes

Standard NSGA-II:
Runtime: 23.59951901435852
Hypervolume: 0.0
Diversity: 10.545105376149953

Advanced NSGA-II:
Runtime: 23.415568113327026
Hypervolume: 0.0
Diversity: 44.29171793443053
