Dataset: Barnes

Standard NSGA-II:
Runtime: 97.10437417030334
Hypervolume: 0.0
Diversity: 0.0

Advanced NSGA-II:
Runtime: 96.99933385848999
Hypervolume: 0.0
Diversity: 0.0
