Dataset: Barnes

Standard NSGA-II:
Runtime: 11.82073974609375
Hypervolume: 0.0
Diversity: 10.545105376149953

Advanced NSGA-II:
Runtime: 11.899328708648682
Hypervolume: 0.0
Diversity: 44.29171793443053
