Dataset: Barnes

Standard NSGA-II:
Runtime: 23.503612518310547
Hypervolume: 0.0
Diversity: 10.545105376149953

Advanced NSGA-II:
Runtime: 23.328004837036133
Hypervolume: 0.0
Diversity: 44.29171793443053
