Dataset: Barnes

Standard NSGA-II:
Runtime: 11.992646217346191
Hypervolume: 0.0
Diversity: 10.545105376149953

Advanced NSGA-II:
Runtime: 11.815074443817139
Hypervolume: 0.0
Diversity: 44.29171793443053
