Dataset: Brandimarte

Standard NSGA-II:
Runtime: 12.29868769645691
Hypervolume: 825629.1905951281
Diversity: 18.087921118877194

Advanced NSGA-II:
Runtime: 12.184452772140503
Hypervolume: 1353241.1343264445
Diversity: 28.238907687231134
