Dataset: Brandimarte

Standard NSGA-II:
Runtime: 24.32141637802124
Hypervolume: 825629.1905951281
Diversity: 18.087921118877194

Advanced NSGA-II:
Runtime: 24.28904962539673
Hypervolume: 1354278.9762584614
Diversity: 28.208382905639752
