Dataset: Brandimarte

Standard NSGA-II:
Runtime: 74.58475399017334
Hypervolume: 6943.43558514713
Diversity: 3.5062870853535664

Advanced NSGA-II:
Runtime: 78.07138252258301
Hypervolume: 795.539810940417
Diversity: 8.551870497428936
