Dataset: Brandimarte

Standard NSGA-II:
Runtime: 24.424973726272583
Hypervolume: 825629.1905951281
Diversity: 18.087921118877194

Advanced NSGA-II:
Runtime: 24.107616662979126
Hypervolume: 1141392.5945903438
Diversity: 28.903271130416826
