Dataset: Brandimarte

Standard NSGA-II:
Runtime: 24.395396947860718
Hypervolume: 825629.1905951281
Diversity: 18.087921118877194

Advanced NSGA-II:
Runtime: 24.206164836883545
Hypervolume: 1356919.540894718
Diversity: 28.991708373588054
