Dataset: Brandimarte

Standard NSGA-II:
Runtime: 24.17920970916748
Hypervolume: 825629.1905951281
Diversity: 18.087921118877194

Advanced NSGA-II:
Runtime: 24.0051531791687
Hypervolume: 1353793.7809552304
Diversity: 28.228130276291655
