Dataset: Dauzere

Standard NSGA-II:
Runtime: 93.68258428573608
Hypervolume: 0.0
Diversity: 0.0

Advanced NSGA-II:
Runtime: 94.19770050048828
Hypervolume: 0.0
Diversity: 0.0
