Dataset: Dauzere

Standard NSGA-II:
Runtime: 14.378997325897217
Hypervolume: 21081649.95331777
Diversity: 150.7339981121858

Advanced NSGA-II:
Runtime: 14.3170166015625
Hypervolume: 18385011.132502243
Diversity: 122.08412924071166
