Dataset: Dauzere

Standard NSGA-II:
Runtime: 28.496536016464233
Hypervolume: 21081649.95331777
Diversity: 150.7339981121858

Advanced NSGA-II:
Runtime: 28.803317070007324
Hypervolume: 18218784.64329545
Diversity: 125.89445064126899
