Dataset: Dauzere

Standard NSGA-II:
Runtime: 28.59750008583069
Hypervolume: 21081649.95331777
Diversity: 150.7339981121858

Advanced NSGA-II:
Runtime: 28.283018350601196
Hypervolume: 18276561.013709947
Diversity: 125.88090687796429
