Dataset: Dauzere

Standard NSGA-II:
Runtime: 14.404694318771362
Hypervolume: 21081649.95331777
Diversity: 150.7339981121858

Advanced NSGA-II:
Runtime: 14.393198728561401
Hypervolume: 18277121.861650124
Diversity: 125.86909908527058
