Dataset: Dauzere

Standard NSGA-II:
Runtime: 28.577310800552368
Hypervolume: 21081649.95331777
Diversity: 150.7339981121858

Advanced NSGA-II:
Runtime: 28.219963550567627
Hypervolume: 18276561.013709947
Diversity: 125.88090687796429
