Dataset: Barnes

Standard NSGA-II:
Runtime: 11.670068979263306
Hypervolume: 7254352.400236249
Diversity: 38.04040694755444

Advanced NSGA-II:
Runtime: 11.332138299942017
Hypervolume: 7524808.687553384
Diversity: 38.7995409741628
