Dataset: Barnes

Standard NSGA-II:
Runtime: 11.584237337112427
Hypervolume: 7254352.400236249
Diversity: 38.04040694755444

Advanced NSGA-II:
Runtime: 11.40271782875061
Hypervolume: 7231696.479922297
Diversity: 38.7995409741628
