Dataset: Barnes

Standard NSGA-II:
Runtime: 78.8125684261322
Hypervolume: 0.0
Diversity: 0.0

Advanced NSGA-II:
Runtime: 80.78106689453125
Hypervolume: 0.0
Diversity: 0.0
