Dataset: Barnes

Standard NSGA-II:
Runtime: 5.9151105880737305
Hypervolume: 7254352.400236249
Diversity: 38.04040694755444

Advanced NSGA-II:
Runtime: 5.8957507610321045
Hypervolume: 7231696.479922297
Diversity: 38.7995409741628
