Dataset: Brandimarte

Standard NSGA-II:
Runtime: 8.008553743362427
Hypervolume: 52341.84044604451
Diversity: 8.556202613125627

Advanced NSGA-II:
Runtime: 7.782531976699829
Hypervolume: 51404.08177836758
Diversity: 6.0903910666135905
