Dataset: Brandimarte

Standard NSGA-II:
Runtime: 72.70261907577515
Hypervolume: 0.0
Diversity: 0

Advanced NSGA-II:
Runtime: 58.98066806793213
Hypervolume: 4.1616220798700425
Diversity: 0.8956899405230199
