Dataset: Brandimarte

Standard NSGA-II:
Runtime: 8.17772126197815
Hypervolume: 52341.84044604451
Diversity: 8.556202613125627

Advanced NSGA-II:
Runtime: 7.61353874206543
Hypervolume: 51607.30581315634
Diversity: 6.142270378192074
