Dataset: Brandimarte

Standard NSGA-II:
Runtime: 8.098206043243408
Hypervolume: 52341.84044604451
Diversity: 8.556202613125627

Advanced NSGA-II:
Runtime: 7.882995367050171
Hypervolume: 51396.45303705162
Diversity: 6.228954426116729
