Dataset: Brandimarte

Standard NSGA-II:
Runtime: 3.9769184589385986
Hypervolume: 52341.84044604451
Diversity: 8.556202613125627

Advanced NSGA-II:
Runtime: 3.914045810699463
Hypervolume: 51727.7931137876
Diversity: 6.3225987926173675
