Dataset: Brandimarte

Standard NSGA-II:
Runtime: 7.908894777297974
Hypervolume: 52341.84044604451
Diversity: 8.556202613125627

Advanced NSGA-II:
Runtime: 7.706996202468872
Hypervolume: 51878.40223957668
Diversity: 6.012214979941067
