Dataset: Barnes

Standard NSGA-II:
Runtime: 11.55888032913208
Hypervolume: 9727699.156520102
Diversity: 122.57347911816964

Advanced NSGA-II:
Runtime: 11.24293065071106
Hypervolume: 11656883.348616987
Diversity: 152.61766262294748
