Dataset: Barnes

Standard NSGA-II:
Runtime: 90.20502758026123
Hypervolume: 0.0
Diversity: 0.0

Advanced NSGA-II:
Runtime: 95.46890306472778
Hypervolume: 0.0
Diversity: 0.0
