Dataset: Barnes

Standard NSGA-II:
Runtime: 22.823484182357788
Hypervolume: 9727699.156520102
Diversity: 122.57347911816964

Advanced NSGA-II:
Runtime: 22.488601446151733
Hypervolume: 11656883.348616987
Diversity: 152.61766262294748
