Dataset: Barnes

Standard NSGA-II:
Runtime: 22.899898529052734
Hypervolume: 9727699.156520102
Diversity: 122.57347911816964

Advanced NSGA-II:
Runtime: 22.628406047821045
Hypervolume: 11656883.348616987
Diversity: 152.61766262294748
