Dataset: Barnes

Standard NSGA-II:
Runtime: 22.6217679977417
Hypervolume: 9727699.156520102
Diversity: 122.57347911816964

Advanced NSGA-II:
Runtime: 22.490763664245605
Hypervolume: 11656883.348616987
Diversity: 152.61766262294748
