Dataset: Barnes

Standard NSGA-II:
Runtime: 22.917550802230835
Hypervolume: 9727699.156520102
Diversity: 122.57347911816964

Advanced NSGA-II:
Runtime: 22.686259269714355
Hypervolume: 11656883.348616987
Diversity: 152.61766262294748
