Dataset: Dauzere

Standard NSGA-II:
Runtime: 37.00815296173096
Hypervolume: 868699202.6346124
Diversity: 139.6748119751661

Advanced NSGA-II:
Runtime: 37.01523804664612
Hypervolume: 665497492.6650743
Diversity: 333.135062955937
