Dataset: Dauzere

Standard NSGA-II:
Runtime: 37.300548791885376
Hypervolume: 868699202.6346124
Diversity: 139.6748119751661

Advanced NSGA-II:
Runtime: 37.000746726989746
Hypervolume: 666676322.506452
Diversity: 334.0688877001071
