Dataset: Dauzere

Standard NSGA-II:
Runtime: 37.30018949508667
Hypervolume: 868699202.6346124
Diversity: 139.6748119751661

Advanced NSGA-II:
Runtime: 37.10643911361694
Hypervolume: 665497492.6650743
Diversity: 332.9651982534514
