Dataset: Dauzere

Standard NSGA-II:
Runtime: 18.688448429107666
Hypervolume: 868699202.6346124
Diversity: 139.6748119751661

Advanced NSGA-II:
Runtime: 18.775348663330078
Hypervolume: 665497492.6650743
Diversity: 333.23295051973633
