Dataset: Dauzere

Standard NSGA-II:
Runtime: 94.20658373832703
Hypervolume: 0.0
Diversity: 113.43870472388211

Advanced NSGA-II:
Runtime: 98.36342215538025
Hypervolume: 183491.21436989825
Diversity: 0.0
