Dataset: Dauzere

Standard NSGA-II:
Runtime: 37.41560745239258
Hypervolume: 868699202.6346124
Diversity: 139.6748119751661

Advanced NSGA-II:
Runtime: 36.802979946136475
Hypervolume: 665497492.6650743
Diversity: 332.92718402358827
