Dataset: Dauzere

Standard NSGA-II:
Runtime: 99.173504114151
Hypervolume: 0.0
Diversity: 55.451048617863925

Advanced NSGA-II:
Runtime: 98.0175428390503
Hypervolume: 11963.568430775282
Diversity: 55.451048617863925
