Dataset: Dauzere

Standard NSGA-II:
Runtime: 37.231460094451904
Hypervolume: 19367328.226652067
Diversity: 194.48052306970965

Advanced NSGA-II:
Runtime: 37.080795764923096
Hypervolume: 19687384.77623189
Diversity: 171.1385799961935
