Dataset: Barnes

Standard NSGA-II:
Runtime: 11.677048921585083
Hypervolume: 662849.8784402565
Diversity: 19.214418882210186

Advanced NSGA-II:
Runtime: 11.327146053314209
Hypervolume: 745475.5316010114
Diversity: 28.864362445752988
