Dataset: Barnes

Standard NSGA-II:
Runtime: 11.6740243434906
Hypervolume: 662849.8784402565
Diversity: 19.214418882210186

Advanced NSGA-II:
Runtime: 11.390663623809814
Hypervolume: 745475.5316010114
Diversity: 28.864362445752988
