Dataset: Barnes

Standard NSGA-II:
Runtime: 5.9054718017578125
Hypervolume: 662849.8784402565
Diversity: 19.214418882210186

Advanced NSGA-II:
Runtime: 5.778656482696533
Hypervolume: 745475.5316010114
Diversity: 28.864362445752988
