Dataset: Barnes

Standard NSGA-II:
Runtime: 11.611567258834839
Hypervolume: 662849.8784402565
Diversity: 19.214418882210186

Advanced NSGA-II:
Runtime: 11.42116093635559
Hypervolume: 745475.5316010114
Diversity: 28.864362445752988
