Dataset: Barnes

Standard NSGA-II:
Runtime: 68.47959661483765
Hypervolume: 0.0
Diversity: 33.72597921546723

Advanced NSGA-II:
Runtime: 70.59572887420654
Hypervolume: 0.0
Diversity: 35.65317802777964
