Dataset: Brandimarte

Standard NSGA-II:
Runtime: 3.8746674060821533
Hypervolume: 91580.1867564366
Diversity: 15.476377168482912

Advanced NSGA-II:
Runtime: 3.7952888011932373
Hypervolume: 91304.22420040495
Diversity: 14.380065821039043
