Dataset: Brandimarte

Standard NSGA-II:
Runtime: 7.706114053726196
Hypervolume: 91580.1867564366
Diversity: 15.476377168482912

Advanced NSGA-II:
Runtime: 7.593931198120117
Hypervolume: 91886.114809068
Diversity: 14.323876936627975
