Dataset: Brandimarte

Standard NSGA-II:
Runtime: 64.70027685165405
Hypervolume: 1.2073302987333534
Diversity: 0.6900736987829016

Advanced NSGA-II:
Runtime: 62.8091504573822
Hypervolume: 14.797668562788012
Diversity: 0.3835393055447969
