Dataset: Brandimarte

Standard NSGA-II:
Runtime: 7.798038005828857
Hypervolume: 91580.1867564366
Diversity: 15.476377168482912

Advanced NSGA-II:
Runtime: 7.51901650428772
Hypervolume: 91064.46301117883
Diversity: 14.413487601189297
