Dataset: Brandimarte

Standard NSGA-II:
Runtime: 7.810650587081909
Hypervolume: 91580.1867564366
Diversity: 15.476377168482912

Advanced NSGA-II:
Runtime: 7.587996006011963
Hypervolume: 90150.03161826904
Diversity: 14.47153149167615
