Dataset: Brandimarte

Standard NSGA-II:
Runtime: 7.690255641937256
Hypervolume: 91580.1867564366
Diversity: 15.476377168482912

Advanced NSGA-II:
Runtime: 7.67423152923584
Hypervolume: 91090.77615102779
Diversity: 14.493545792996727
