Dataset: Barnes

Standard NSGA-II:
Runtime: 22.80703592300415
Hypervolume: 0.0
Diversity: 32.82021815098878

Advanced NSGA-II:
Runtime: 22.705753803253174
Hypervolume: 0.0
Diversity: 63.05518662179415
