Dataset: Barnes

Standard NSGA-II:
Runtime: 22.70084857940674
Hypervolume: 0.0
Diversity: 32.82021815098878

Advanced NSGA-II:
Runtime: 22.524306774139404
Hypervolume: 0.0
Diversity: 63.05518662179415
