Dataset: Barnes

Standard NSGA-II:
Runtime: 11.500095844268799
Hypervolume: 0.0
Diversity: 32.82021815098878

Advanced NSGA-II:
Runtime: 11.411456108093262
Hypervolume: 0.0
Diversity: 63.05518662179415
