Dataset: Barnes

Standard NSGA-II:
Runtime: 90.21212434768677
Hypervolume: 0.0
Diversity: 0.0

Advanced NSGA-II:
Runtime: 87.86056995391846
Hypervolume: 0.0
Diversity: 0.0
