Dataset: Dauzere

Standard NSGA-II:
Runtime: 19.930574893951416
Hypervolume: 2175655.5740324757
Diversity: 56.656147676777366

Advanced NSGA-II:
Runtime: 19.781550645828247
Hypervolume: 1876591.4490214195
Diversity: 45.8556925505254
