Dataset: Dauzere

Standard NSGA-II:
Runtime: 73.71376037597656
Hypervolume: 1655.8678738072824
Diversity: 13.756987837207921

Advanced NSGA-II:
Runtime: 70.48310685157776
Hypervolume: 290.0198614952775
Diversity: 7.5255978723808585
