Dataset: Dauzere

Standard NSGA-II:
Runtime: 19.92518711090088
Hypervolume: 2175655.5740324757
Diversity: 56.656147676777366

Advanced NSGA-II:
Runtime: 19.871305227279663
Hypervolume: 1876505.6181839718
Diversity: 45.89448920179438
