Dataset: Dauzere

Standard NSGA-II:
Runtime: 37.117855072021484
Hypervolume: 126498999.86513515
Diversity: 97.94559780480454

Advanced NSGA-II:
Runtime: 37.21289777755737
Hypervolume: 105082033.4432198
Diversity: 216.07449738888937
