Dataset: Dauzere

Standard NSGA-II:
Runtime: 37.532217502593994
Hypervolume: 126498999.86513515
Diversity: 97.94559780480454

Advanced NSGA-II:
Runtime: 37.50020742416382
Hypervolume: 104611815.40339379
Diversity: 220.97404149488253
