Dataset: Dauzere

Standard NSGA-II:
Runtime: 98.39988303184509
Hypervolume: 23765.787374031064
Diversity: 10.43949288471472

Advanced NSGA-II:
Runtime: 101.3107659816742
Hypervolume: 0.0
Diversity: 0.0
