Dataset: Dauzere

Standard NSGA-II:
Runtime: 37.18628907203674
Hypervolume: 126498999.86513515
Diversity: 97.94559780480454

Advanced NSGA-II:
Runtime: 37.51899719238281
Hypervolume: 104979981.35491346
Diversity: 215.80243398156506
