Dataset: Dauzere

Standard NSGA-II:
Runtime: 37.40222525596619
Hypervolume: 126498999.86513515
Diversity: 97.94559780480454

Advanced NSGA-II:
Runtime: 37.28056621551514
Hypervolume: 104979981.35491346
Diversity: 218.7556051002008
