Dataset: Dauzere

Standard NSGA-II:
Runtime: 18.803730487823486
Hypervolume: 126498999.86513515
Diversity: 97.94559780480454

Advanced NSGA-II:
Runtime: 18.79718327522278
Hypervolume: 105313713.68388774
Diversity: 225.29599244659232
