Dataset: Barnes

Standard NSGA-II:
Runtime: 11.788787603378296
Hypervolume: 4530847.279670903
Diversity: 18.72214154454645

Advanced NSGA-II:
Runtime: 11.21983003616333
Hypervolume: 3546936.072836253
Diversity: 21.918604735078773
