Dataset: Barnes

Standard NSGA-II:
Runtime: 5.977331876754761
Hypervolume: 4530847.279670903
Diversity: 18.72214154454645

Advanced NSGA-II:
Runtime: 6.078678846359253
Hypervolume: 3546936.072836253
Diversity: 21.918604735078773
