Dataset: Barnes

Standard NSGA-II:
Runtime: 11.823214769363403
Hypervolume: 4530847.279670903
Diversity: 18.72214154454645

Advanced NSGA-II:
Runtime: 11.472721815109253
Hypervolume: 3546936.072836253
Diversity: 21.918604735078773
