Dataset: Barnes

Standard NSGA-II:
Runtime: 81.90537357330322
Hypervolume: 0.0
Diversity: 0.0

Advanced NSGA-II:
Runtime: 79.42065763473511
Hypervolume: 0.0
Diversity: 0.0
