Dataset: Dauzere

Standard NSGA-II:
Runtime: 20.017040967941284
Hypervolume: 31923434.785440546
Diversity: 109.19726774934959

Advanced NSGA-II:
Runtime: 19.896909475326538
Hypervolume: 25278167.088857792
Diversity: 129.94454891672206
