Dataset: Dauzere

Standard NSGA-II:
Runtime: 10.040049076080322
Hypervolume: 31923434.785440546
Diversity: 109.19726774934959

Advanced NSGA-II:
Runtime: 10.194409608840942
Hypervolume: 25123292.345074274
Diversity: 130.9043050019023
