Dataset: Dauzere

Standard NSGA-II:
Runtime: 84.90316081047058
Hypervolume: 0.0
Diversity: 0.0

Advanced NSGA-II:
Runtime: 86.59568548202515
Hypervolume: 0.0
Diversity: 0.0
