Dataset: Barnes

Standard NSGA-II:
Runtime: 16.535034656524658
Hypervolume: 7649837.000815672
Diversity: 29.779130774563644

Advanced NSGA-II:
Runtime: 16.50349473953247
Hypervolume: 7326718.223633036
Diversity: 42.70405351350689
