Dataset: Barnes

Standard NSGA-II:
Runtime: 8.383626222610474
Hypervolume: 7649837.000815672
Diversity: 29.779130774563644

Advanced NSGA-II:
Runtime: 8.083918809890747
Hypervolume: 7326718.223633036
Diversity: 42.704053513506885
