Dataset: Barnes

Standard NSGA-II:
Runtime: 85.7946548461914
Hypervolume: 0.0
Diversity: 0.0

Advanced NSGA-II:
Runtime: 86.61341977119446
Hypervolume: 0.0
Diversity: 0.0
