Dataset: Barnes

Standard NSGA-II:
Runtime: 16.68654775619507
Hypervolume: 7649837.000815672
Diversity: 29.779130774563644

Advanced NSGA-II:
Runtime: 16.237024784088135
Hypervolume: 7326718.223633036
Diversity: 42.70405351350689
