Dataset: Dauzere

Standard NSGA-II:
Runtime: 93.33984637260437
Hypervolume: 0.0
Diversity: 0.0

Advanced NSGA-II:
Runtime: 93.26184940338135
Hypervolume: 0.0
Diversity: 0.0
