Dataset: Dauzere

Standard NSGA-II:
Runtime: 19.935829162597656
Hypervolume: 0.0
Diversity: 7.3061224489795915

Advanced NSGA-II:
Runtime: 19.696077585220337
Hypervolume: 0.0
Diversity: 8.878048780487806
