Dataset: Dauzere

Standard NSGA-II:
Runtime: 19.69301962852478
Hypervolume: 0.0
Diversity: 6.877551020408164

Advanced NSGA-II:
Runtime: 19.58502697944641
Hypervolume: 0.0
Diversity: 7.048780487804878
