Dataset: Dauzere

Standard NSGA-II:
Runtime: 94.89761543273926
Hypervolume: 0.0
Diversity: 0.0

Advanced NSGA-II:
Runtime: 94.88362646102905
Hypervolume: 0.0
Diversity: 0.0
