Dataset: Dauzere

Standard NSGA-II:
Runtime: 9.908179759979248
Hypervolume: 0.0
Diversity: 6.877551020408164

Advanced NSGA-II:
Runtime: 9.771604776382446
Hypervolume: 0.0
Diversity: 7.048780487804878
