Dataset: Brandimarte

Standard NSGA-II:
Runtime: 6.22879695892334
Hypervolume: 51396.35614232608
Diversity: 7.941817424457563

Advanced NSGA-II:
Runtime: 6.1796040534973145
Hypervolume: 49799.294673471144
Diversity: 7.070516072056282
