Dataset: Brandimarte

Standard NSGA-II:
Runtime: 12.475321292877197
Hypervolume: 51396.35614232608
Diversity: 7.941817424457563

Advanced NSGA-II:
Runtime: 12.220176935195923
Hypervolume: 49293.07208375645
Diversity: 7.032985814875408
