Dataset: Brandimarte

Standard NSGA-II:
Runtime: 12.599876403808594
Hypervolume: 51396.35614232608
Diversity: 7.941817424457563

Advanced NSGA-II:
Runtime: 12.493008136749268
Hypervolume: 49196.181774172095
Diversity: 7.067583574237862
