Dataset: Brandimarte

Standard NSGA-II:
Runtime: 6.306682348251343
Hypervolume: 51396.35614232608
Diversity: 7.941817424457563

Advanced NSGA-II:
Runtime: 6.117964267730713
Hypervolume: 48374.28705807721
Diversity: 7.056399380968924
