Dataset: Brandimarte

Standard NSGA-II:
Runtime: 12.595956563949585
Hypervolume: 51396.35614232608
Diversity: 7.941817424457563

Advanced NSGA-II:
Runtime: 12.289531946182251
Hypervolume: 48952.04540573133
Diversity: 7.078928472288534
