Dataset: Brandimarte

Standard NSGA-II:
Runtime: 12.442139148712158
Hypervolume: 51396.35614232608
Diversity: 7.941817424457563

Advanced NSGA-II:
Runtime: 12.27707576751709
Hypervolume: 49234.206764797185
Diversity: 7.152554934642669
