Dataset: Brandimarte

Standard NSGA-II:
Runtime: 64.48539328575134
Hypervolume: 1012.8515633882531
Diversity: 7.300871045198188

Advanced NSGA-II:
Runtime: 64.71982622146606
Hypervolume: 97.21792449940116
Diversity: 6.482700568551792
